              precision    recall  f1-score   support

        Bali     0.9995    1.0000    0.9997      1923
       Batak     1.0000    1.0000    1.0000       505
        Bima     1.0000    0.9968    0.9984       308
Dunging-Iban     1.0000    0.9988    0.9994       842
        Jawa     1.0000    0.9989    0.9995      1893
        Jawi     1.0000    0.9978    0.9989       458
        Kawi     0.9989    1.0000    0.9994       892
     Lampung     0.9958    1.0000    0.9979       714
     Lontara     1.0000    0.9989    0.9995       914
 Minangkabau     0.9938    1.0000    0.9969       322
        Ogan     0.9981    0.9962    0.9971       525
     Pallawa     1.0000    1.0000    1.0000       560
       Sunda     0.9995    0.9995    0.9995      4055

    accuracy                         0.9993     13911
   macro avg     0.9989    0.9990    0.9989     13911
weighted avg     0.9993    0.9993    0.9993     13911
