              precision    recall  f1-score   support

           a     1.0000    0.6429    0.7826        14
          ba     1.0000    1.0000    1.0000        14
          ca     1.0000    1.0000    1.0000        15
          da     1.0000    1.0000    1.0000        14
          fa     1.0000    1.0000    1.0000        14
          ga     1.0000    1.0000    1.0000        14
          ha     0.8667    0.9286    0.8966        14
          ja     1.0000    1.0000    1.0000        14
          ka     1.0000    1.0000    1.0000        12
          la     1.0000    1.0000    1.0000        13
          ma     1.0000    1.0000    1.0000        13
         mpa     0.9375    1.0000    0.9677        15
          na     0.9333    1.0000    0.9655        14
         nca     1.0000    1.0000    1.0000        14
         nga     1.0000    1.0000    1.0000        14
         nta     1.0000    1.0000    1.0000        15
          pa     1.0000    0.9286    0.9630        14
          ra     1.0000    1.0000    1.0000        14
          sa     1.0000    1.0000    1.0000        14
          ta     0.9333    1.0000    0.9655        14
          wa     0.8750    1.0000    0.9333        14
          ya     1.0000    1.0000    1.0000        15

    accuracy                         0.9773       308
   macro avg     0.9794    0.9773    0.9761       308
weighted avg     0.9792    0.9773    0.9760       308
