              precision    recall  f1-score   support

        Bali     0.9984    0.9995    0.9990      1923
       Batak     1.0000    1.0000    1.0000       505
        Bima     1.0000    1.0000    1.0000       308
Dunging-Iban     1.0000    1.0000    1.0000       842
        Jawa     0.9995    0.9974    0.9984      1893
        Jawi     0.9956    0.9978    0.9967       458
        Kawi     1.0000    1.0000    1.0000       892
     Lampung     1.0000    1.0000    1.0000       714
     Lontara     0.9978    1.0000    0.9989       914
 Minangkabau     0.9969    0.9969    0.9969       322
        Ogan     1.0000    0.9981    0.9990       525
     Pallawa     1.0000    1.0000    1.0000       560
       Sunda     0.9990    0.9990    0.9990      4055

    accuracy                         0.9991     13911
   macro avg     0.9990    0.9991    0.9991     13911
weighted avg     0.9991    0.9991    0.9991     13911
