              precision    recall  f1-score   support

   A_capital     1.0000    1.0000    1.0000        14
           E     1.0000    1.0000    1.0000        14
           O     1.0000    1.0000    1.0000        14
           R     1.0000    1.0000    1.0000        15
a_noncapital     1.0000    1.0000    1.0000        14
          ah     1.0000    1.0000    1.0000        14
          ak     1.0000    1.0000    1.0000        15
          al     1.0000    0.9286    0.9630        14
          am     1.0000    1.0000    1.0000        14
          an     1.0000    0.9286    0.9630        14
         ang     1.0000    1.0000    1.0000        15
          ao     1.0000    1.0000    1.0000        14
          ap     0.9333    1.0000    0.9655        14
          as     1.0000    1.0000    1.0000        14
          at     1.0000    1.0000    1.0000        15
          au     1.0000    1.0000    1.0000        14
          ba     1.0000    1.0000    1.0000        14
         cha     0.9333    1.0000    0.9655        14
          da     1.0000    1.0000    1.0000        15
         eig     1.0000    1.0000    1.0000        14
         ein     1.0000    1.0000    1.0000        14
         eix     1.0000    1.0000    1.0000        15
          ek     1.0000    1.0000    1.0000        14
         eng     1.0000    1.0000    1.0000        14
          ga     1.0000    1.0000    1.0000        14
         ieh     0.9375    1.0000    0.9677        15
         iem     1.0000    1.0000    1.0000        14
        ieng     1.0000    1.0000    1.0000        14
          il     1.0000    1.0000    1.0000        15
          ip     1.0000    1.0000    1.0000        14
          ir     0.9333    1.0000    0.9655        14
          is     1.0000    1.0000    1.0000        14
          it     1.0000    1.0000    1.0000        15
          ja     1.0000    1.0000    1.0000        14
          ka     0.9333    1.0000    0.9655        14
           l     1.0000    1.0000    1.0000        14
          la     1.0000    1.0000    1.0000        15
          ma     1.0000    0.9286    0.9630        14
          na     1.0000    1.0000    1.0000        14
         nga     1.0000    1.0000    1.0000        15
         nya     1.0000    0.9286    0.9630        14
          oh     1.0000    1.0000    1.0000        14
          oi     1.0000    1.0000    1.0000        14
          ok     1.0000    1.0000    1.0000        14
          om     1.0000    1.0000    1.0000        15
         ong     1.0000    1.0000    1.0000        14
          op     1.0000    1.0000    1.0000        14
          or     1.0000    1.0000    1.0000        15
         oug     1.0000    1.0000    1.0000        14
          pa     1.0000    1.0000    1.0000        14
          ra     1.0000    1.0000    1.0000        14
          sa     1.0000    0.9333    0.9655        15
          ta     1.0000    1.0000    1.0000        14
          ul     1.0000    1.0000    1.0000        14
          un     1.0000    1.0000    1.0000        15
          us     1.0000    1.0000    1.0000        14
          ut     1.0000    1.0000    1.0000        14
          uw     1.0000    1.0000    1.0000        14
          ya     1.0000    1.0000    1.0000        15

    accuracy                         0.9941       842
   macro avg     0.9944    0.9940    0.9940       842
weighted avg     0.9945    0.9941    0.9941       842
