              precision    recall  f1-score   support

           a     1.0000    0.9722    0.9859        36
          ba     1.0000    1.0000    1.0000        36
          ca     1.0000    1.0000    1.0000        36
          da     1.0000    1.0000    1.0000        35
          ga     1.0000    1.0000    1.0000        36
         gha     1.0000    1.0000    1.0000        36
          ha     1.0000    1.0000    1.0000        35
          ja     1.0000    1.0000    1.0000        36
          ka     1.0000    1.0000    1.0000        36
          la     0.9722    1.0000    0.9859        35
          ma     1.0000    1.0000    1.0000        36
          na     1.0000    1.0000    1.0000        35
         nga     1.0000    1.0000    1.0000        36
         nya     1.0000    1.0000    1.0000        35
          pa     1.0000    1.0000    1.0000        36
          ra     1.0000    1.0000    1.0000        36
          sa     1.0000    1.0000    1.0000        35
          ta     1.0000    1.0000    1.0000        36
          wa     1.0000    1.0000    1.0000        36
          ya     1.0000    1.0000    1.0000        36

    accuracy                         0.9986       714
   macro avg     0.9986    0.9986    0.9986       714
weighted avg     0.9986    0.9986    0.9986       714
