              precision    recall  f1-score   support

        Bali     0.9990    0.9990    0.9990      1923
       Batak     0.9980    1.0000    0.9990       505
        Bima     0.9935    1.0000    0.9968       308
Dunging-Iban     1.0000    1.0000    1.0000       842
        Jawa     0.9995    0.9974    0.9984      1893
        Jawi     0.9956    0.9956    0.9956       458
        Kawi     1.0000    0.9989    0.9994       892
     Lampung     0.9986    0.9986    0.9986       714
     Lontara     0.9989    1.0000    0.9995       914
 Minangkabau     1.0000    1.0000    1.0000       322
        Ogan     1.0000    1.0000    1.0000       525
     Pallawa     1.0000    1.0000    1.0000       560
       Sunda     0.9993    0.9995    0.9994      4055

    accuracy                         0.9991     13911
   macro avg     0.9986    0.9991    0.9989     13911
weighted avg     0.9991    0.9991    0.9991     13911
