              precision    recall  f1-score   support

          ba     1.0000    1.0000    1.0000        26
         bha     1.0000    1.0000    1.0000        17
          ca     1.0000    1.0000    1.0000        27
         cha     1.0000    1.0000    1.0000        19
          da     1.0000    1.0000    1.0000        26
         dha     1.0000    1.0000    1.0000        27
          ga     1.0000    1.0000    1.0000        37
         gha     1.0000    1.0000    1.0000        39
          ha     1.0000    1.0000    1.0000        46
          ja     1.0000    1.0000    1.0000        15
         jha     1.0000    1.0000    1.0000        57
          ka     1.0000    1.0000    1.0000        14
         kha     1.0000    1.0000    1.0000        26
          la     1.0000    1.0000    1.0000        25
          ma     1.0000    1.0000    1.0000        15
          na     1.0000    1.0000    1.0000        34
          pa     1.0000    1.0000    1.0000        41
         pha     1.0000    1.0000    1.0000        34
          ra     1.0000    1.0000    1.0000        25
          sa     1.0000    1.0000    1.0000        26
          ta     1.0000    1.0000    1.0000        25
         tha     1.0000    1.0000    1.0000        15
          wa     1.0000    1.0000    1.0000        30
          ya     1.0000    1.0000    1.0000        23
          ña     1.0000    1.0000    1.0000        43
          śa     1.0000    1.0000    1.0000        40
          ḍa     1.0000    1.0000    1.0000        23
          ṅa     1.0000    1.0000    1.0000        28
          ṇa     1.0000    1.0000    1.0000        41
          ṣa     1.0000    1.0000    1.0000        24
          ṭa     1.0000    1.0000    1.0000        24

    accuracy                         1.0000       892
   macro avg     1.0000    1.0000    1.0000       892
weighted avg     1.0000    1.0000    1.0000       892
