              precision    recall  f1-score   support

           a     1.0000    0.7857    0.8800        14
          ba     0.9333    1.0000    0.9655        14
          ca     0.8333    1.0000    0.9091        15
          da     1.0000    1.0000    1.0000        14
          fa     1.0000    1.0000    1.0000        14
          ga     0.8667    0.9286    0.8966        14
          ha     0.9286    0.9286    0.9286        14
          ja     1.0000    1.0000    1.0000        14
          ka     1.0000    1.0000    1.0000        12
          la     0.8667    1.0000    0.9286        13
          ma     1.0000    1.0000    1.0000        13
         mpa     1.0000    0.8667    0.9286        15
          na     0.8235    1.0000    0.9032        14
         nca     1.0000    1.0000    1.0000        14
         nga     1.0000    1.0000    1.0000        14
         nta     1.0000    0.9333    0.9655        15
          pa     1.0000    0.7143    0.8333        14
          ra     1.0000    1.0000    1.0000        14
          sa     1.0000    1.0000    1.0000        14
          ta     1.0000    1.0000    1.0000        14
          wa     1.0000    1.0000    1.0000        14
          ya     1.0000    1.0000    1.0000        15

    accuracy                         0.9610       308
   macro avg     0.9660    0.9617    0.9609       308
weighted avg     0.9659    0.9610    0.9605       308
