              precision    recall  f1-score   support

          Be     1.0000    1.0000    1.0000        23
          Ce     1.0000    1.0000    1.0000        23
          De     1.0000    1.0000    1.0000        22
           E     1.0000    1.0000    1.0000        23
        Embe     1.0000    1.0000    1.0000        23
        Empe     1.0000    1.0000    1.0000        23
        Ence     1.0000    1.0000    1.0000        23
        Ende     1.0000    1.0000    1.0000        23
          Ge     0.9583    1.0000    0.9787        23
          He     1.0000    1.0000    1.0000        22
          Je     1.0000    1.0000    1.0000        23
          Ke     1.0000    1.0000    1.0000        23
          Le     1.0000    1.0000    1.0000        23
          Me     1.0000    1.0000    1.0000        23
          Ne     1.0000    1.0000    1.0000        23
         Nge     1.0000    1.0000    1.0000        22
         Nye     1.0000    1.0000    1.0000        23
          Pe     1.0000    1.0000    1.0000        23
          Re     1.0000    1.0000    1.0000        23
          Se     1.0000    1.0000    1.0000        23
          Te     1.0000    0.9565    0.9778        23
          We     1.0000    1.0000    1.0000        23
          Ye     1.0000    1.0000    1.0000        22

    accuracy                         0.9981       525
   macro avg     0.9982    0.9981    0.9981       525
weighted avg     0.9982    0.9981    0.9981       525
