              precision    recall  f1-score   support

           a     1.0000    0.7857    0.8800        14
          ba     1.0000    1.0000    1.0000        14
          ca     1.0000    1.0000    1.0000        15
          da     1.0000    1.0000    1.0000        14
          fa     1.0000    1.0000    1.0000        14
          ga     1.0000    1.0000    1.0000        14
          ha     0.9286    0.9286    0.9286        14
          ja     1.0000    1.0000    1.0000        14
          ka     1.0000    1.0000    1.0000        12
          la     1.0000    1.0000    1.0000        13
          ma     1.0000    1.0000    1.0000        13
         mpa     0.9375    1.0000    0.9677        15
          na     1.0000    1.0000    1.0000        14
         nca     1.0000    1.0000    1.0000        14
         nga     1.0000    1.0000    1.0000        14
         nta     1.0000    1.0000    1.0000        15
          pa     1.0000    0.9286    0.9630        14
          ra     1.0000    1.0000    1.0000        14
          sa     1.0000    1.0000    1.0000        14
          ta     1.0000    1.0000    1.0000        14
          wa     0.8235    1.0000    0.9032        14
          ya     1.0000    1.0000    1.0000        15

    accuracy                         0.9838       308
   macro avg     0.9859    0.9838    0.9838       308
weighted avg     0.9857    0.9838    0.9836       308
