              precision    recall  f1-score   support

          ba     1.0000    1.0000    1.0000        17
         bha     0.8500    1.0000    0.9189        17
          ca     1.0000    1.0000    1.0000        16
         cha     1.0000    1.0000    1.0000        17
          da     1.0000    1.0000    1.0000        17
         dha     1.0000    1.0000    1.0000        17
          ga     1.0000    0.8889    0.9412        18
         gha     1.0000    1.0000    1.0000        16
          ha     1.0000    1.0000    1.0000        18
          ja     1.0000    1.0000    1.0000        17
         jha     1.0000    1.0000    1.0000        17
          ka     1.0000    1.0000    1.0000        16
         kha     1.0000    1.0000    1.0000        17
          la     1.0000    1.0000    1.0000        17
          ma     0.9444    1.0000    0.9714        17
          na     1.0000    1.0000    1.0000        17
          pa     1.0000    1.0000    1.0000        17
         pha     1.0000    0.9412    0.9697        17
          ra     1.0000    1.0000    1.0000        17
          sa     1.0000    1.0000    1.0000        17
          ta     1.0000    1.0000    1.0000        17
         tha     1.0000    1.0000    1.0000        17
          va     1.0000    0.9412    0.9697        17
          ya     1.0000    1.0000    1.0000        17
          ña     1.0000    1.0000    1.0000        17
          śa     1.0000    1.0000    1.0000        17
          ḍa     1.0000    1.0000    1.0000        17
         ḍha     1.0000    1.0000    1.0000        17
          ṅa     1.0000    1.0000    1.0000        17
          ṇa     1.0000    1.0000    1.0000        17
          ṣa     1.0000    1.0000    1.0000        17
          ṭa     1.0000    1.0000    1.0000        17
         ṭha     1.0000    1.0000    1.0000        17

    accuracy                         0.9929       560
   macro avg     0.9938    0.9931    0.9931       560
weighted avg     0.9938    0.9929    0.9929       560
