              precision    recall  f1-score   support

           a     1.0000    1.0000    1.0000        26
          ba     1.0000    1.0000    1.0000        27
          da     0.9630    1.0000    0.9811        26
          ga     1.0000    1.0000    1.0000        26
          ha     1.0000    1.0000    1.0000        27
           i     1.0000    1.0000    1.0000        26
          ja     1.0000    1.0000    1.0000        26
          la     1.0000    1.0000    1.0000        27
          ma     1.0000    1.0000    1.0000        27
          na     1.0000    1.0000    1.0000        25
         nga     1.0000    1.0000    1.0000        26
         nya     1.0000    0.9630    0.9811        27
          pa     1.0000    1.0000    1.0000        26
          ra     1.0000    1.0000    1.0000        27
          sa     1.0000    1.0000    1.0000        28
          ta     1.0000    1.0000    1.0000        27
           u     1.0000    1.0000    1.0000        26
          wa     1.0000    1.0000    1.0000        28
          ya     1.0000    1.0000    1.0000        27

    accuracy                         0.9980       505
   macro avg     0.9981    0.9981    0.9980       505
weighted avg     0.9981    0.9980    0.9980       505
